   836 427202279477987
   837 1281606838433963
   838 3844820515301891
   839 11534461545905676
   840 2883615386476419
   841 8650846159429258
   842 2162711539857314
   843 6488134619571945
   844 19464403858715836
   845 4866100964678959
   846 14598302894036876
   847 3649575723509219
   848 10948727170527656
   849 2737181792631914
   850 684295448157978
   851 2052886344473936
   852 6158659033421811
   853 18475977100265432
   854 4618994275066358
   855 1154748568766589
   856 3464245706299769
   857 10392737118899308
   858 2598184279724827
   859 7794552839174482
   860 1948638209793620
   861 5845914629380863
   862 17537743888142588
   863 4384435972035647
   864 13153307916106940
   865 3288326979026735
   866 9864980937080204
   867 2466245234270051
   868 7398735702810154
   869 1849683925702538
   870 5549051777107617
   871 16647155331322852
   872 4161788832830713
   873 12485366498492140
   874 3121341624623035
   875 9364024873869104
   876 2341006218467276
   877 585251554616819
   878 1755754663850458
   879 438938665962614
   880 1316815997887844
   881 3950447993663534
   882 11851343980990604
   883 2962835995247651
   884 8888507985742954